  2.0000e+12   4   8.9897e+07   0.0000e+00   0.0000e+00   2.1132e+04   1.000000e+00   8.812747e-01   2.1132e+04   0.0000e+00   0.0000e+00 
  2.0000e+12   3   1.3423e+08   0.0000e+00   0.0000e+00   1.4998e+04   9.999999e-01   3.968760e-01   1.4998e+04   0.0000e+00   0.0000e+00 
  2.0000e+12   1   4.7669e+08   0.0000e+00   0.0000e+00   7.6686e+03   9.999999e-01   8.837703e-01   7.6686e+03   0.0000e+00   0.0000e+00 
  2.0000e+12   2   4.7630e+08   0.0000e+00   0.0000e+00   7.6525e+03   9.999999e-01   8.837360e-01   7.6524e+03   0.0000e+00   0.0000e+00 
  4.0000e+12   4   1.8333e+08   0.0000e+00   0.0000e+00   2.1543e+04   9.999999e-01   8.745795e-01   2.1543e+04   0.0000e+00   0.0000e+00 
  4.0000e+12   3   2.6781e+08   0.0000e+00   0.0000e+00   1.4957e+04   9.999999e-01   4.009706e-01   1.4957e+04   0.0000e+00   0.0000e+00 
  4.0000e+12   1   7.0716e+08   0.0000e+00   0.0000e+00   9.5029e+03   9.999998e-01   8.656853e-01   9.5029e+03   0.0000e+00   0.0000e+00 
  4.0000e+12   2   7.0701e+08   0.0000e+00   0.0000e+00   9.4983e+03   9.999998e-01   8.656808e-01   9.4983e+03   0.0000e+00   0.0000e+00 
  6.0000e+12   6   2.7598e+08   0.0000e+00   0.0000e+00   2.1612e+04   9.999999e-01   8.665265e-01   2.1612e+04   0.0000e+00   0.0000e+00 
  6.0000e+12   5   4.0158e+08   0.0000e+00   0.0000e+00   1.4946e+04   9.999998e-01   4.030020e-01   1.4946e+04   0.0000e+00   0.0000e+00 
  6.0000e+12   2   1.1665e+09   0.0000e+00   0.0000e+00   4.1786e+03   9.999994e-01   5.634372e-07   4.1786e+03   0.0000e+00   0.0000e+00 
  6.0000e+12   1   1.1672e+09   0.0000e+00   0.0000e+00   4.1843e+03   9.999994e-01   3.666812e-08   4.1842e+03   0.0000e+00   0.0000e+00 
  6.0000e+12   3   9.0785e+08   0.0000e+00   0.0000e+00   1.0330e+04   9.999997e-01   8.560757e-01   1.0330e+04   0.0000e+00   0.0000e+00 
  6.0000e+12   4   9.0776e+08   0.0000e+00   0.0000e+00   1.0328e+04   9.999997e-01   8.560783e-01   1.0328e+04   0.0000e+00   0.0000e+00 
  8.0000e+12   6   3.6848e+08   0.0000e+00   0.0000e+00   2.1630e+04   9.999998e-01   8.557864e-01   2.1630e+04   0.0000e+00   0.0000e+00 
  8.0000e+12   5   5.3544e+08   0.0000e+00   0.0000e+00   1.4936e+04   9.999998e-01   4.052452e-01   1.4936e+04   0.0000e+00   0.0000e+00 
  8.0000e+12   2   1.5664e+09   0.0000e+00   0.0000e+00   5.6895e+03   9.999994e-01   2.070042e-08   5.6895e+03   0.0000e+00   0.0000e+00 
  8.0000e+12   1   1.5668e+09   0.0000e+00   0.0000e+00   5.6922e+03   9.999994e-01   1.065712e-08   5.6922e+03   0.0000e+00   0.0000e+00 
  8.0000e+12   3   1.0979e+09   0.0000e+00   0.0000e+00   1.0658e+04   9.999997e-01   8.512125e-01   1.0658e+04   0.0000e+00   0.0000e+00 
  8.0000e+12   4   1.0978e+09   0.0000e+00   0.0000e+00   1.0656e+04   9.999997e-01   8.512137e-01   1.0656e+04   0.0000e+00   0.0000e+00 
  1.0000e+13   6   4.6094e+08   0.0000e+00   0.0000e+00   2.1630e+04   9.999998e-01   8.423275e-01   2.1630e+04   0.0000e+00   0.0000e+00 
  1.0000e+13   5   6.6940e+08   0.0000e+00   0.0000e+00   1.4925e+04   9.999997e-01   4.080050e-01   1.4925e+04   0.0000e+00   0.0000e+00 
  1.0000e+13   2   1.8961e+09   0.0000e+00   0.0000e+00   6.3680e+03   9.999993e-01   2.283551e-08   6.3680e+03   0.0000e+00   0.0000e+00 
  1.0000e+13   1   1.8964e+09   0.0000e+00   0.0000e+00   6.3696e+03   9.999993e-01   3.289677e-09   6.3696e+03   0.0000e+00   0.0000e+00 
  1.0000e+13   3   1.2850e+09   0.0000e+00   0.0000e+00   1.0678e+04   9.999996e-01   8.488028e-01   1.0678e+04   0.0000e+00   0.0000e+00 
  1.0000e+13   4   1.2850e+09   0.0000e+00   0.0000e+00   1.0677e+04   9.999996e-01   8.488027e-01   1.0677e+04   0.0000e+00   0.0000e+00 
  1.2000e+13   2   2.2021e+09   0.0000e+00   0.0000e+00   6.6584e+03   9.999992e-01   8.121605e-08   6.6584e+03   0.0000e+00   0.0000e+00 
  1.2000e+13   1   2.2023e+09   0.0000e+00   0.0000e+00   6.6594e+03   9.999992e-01   1.745423e-09   6.6594e+03   0.0000e+00   0.0000e+00 
  1.2000e+13   3   1.4738e+09   0.0000e+00   0.0000e+00   1.0481e+04   9.999995e-01   8.470422e-01   1.0481e+04   0.0000e+00   0.0000e+00 
  1.2000e+13   4   1.4737e+09   0.0000e+00   0.0000e+00   1.0481e+04   9.999995e-01   8.470462e-01   1.0481e+04   0.0000e+00   0.0000e+00 
  1.2000e+13   8   5.5342e+08   0.0000e+00   0.0000e+00   2.1621e+04   9.999998e-01   8.262693e-01   2.1621e+04   0.0000e+00   0.0000e+00 
  1.2000e+13   5   8.0345e+08   0.0000e+00   0.0000e+00   1.4913e+04   9.999997e-01   4.113848e-01   1.4913e+04   0.0000e+00   0.0000e+00 
  1.2000e+13   6   7.9032e+08   0.0000e+00   0.0000e+00   9.1942e+02   9.999944e-01   3.359421e-07   9.1941e+02   0.0000e+00   0.0000e+00 
  1.2000e+13   7   7.8995e+08   0.0000e+00   0.0000e+00   9.1884e+02   9.999944e-01   1.062650e-07   9.1883e+02   0.0000e+00   0.0000e+00 
  1.4000e+13   8   6.4595e+08   0.0000e+00   0.0000e+00   2.1605e+04   9.999997e-01   8.077704e-01   2.1605e+04   0.0000e+00   0.0000e+00 
  1.4000e+13   7   9.3762e+08   0.0000e+00   0.0000e+00   1.4899e+04   9.999996e-01   4.154505e-01   1.4899e+04   0.0000e+00   0.0000e+00 
  1.4000e+13   2   2.5003e+09   0.0000e+00   0.0000e+00   6.7314e+03   9.999991e-01   8.553634e-08   6.7314e+03   0.0000e+00   0.0000e+00 
  1.4000e+13   1   2.5004e+09   0.0000e+00   0.0000e+00   6.7321e+03   9.999991e-01   2.880338e-09   6.7321e+03   0.0000e+00   0.0000e+00 
  1.4000e+13   3   1.8463e+09   0.0000e+00   0.0000e+00   2.9852e+03   9.999980e-01   7.963947e-07   2.9852e+03   0.0000e+00   0.0000e+00 
  1.4000e+13   4   1.8462e+09   0.0000e+00   0.0000e+00   2.9849e+03   9.999980e-01   1.487878e-07   2.9849e+03   0.0000e+00   0.0000e+00 
  1.4000e+13   5   1.6678e+09   0.0000e+00   0.0000e+00   1.0113e+04   9.999994e-01   8.442941e-01   1.0113e+04   0.0000e+00   0.0000e+00 
  1.4000e+13   6   1.6677e+09   0.0000e+00   0.0000e+00   1.0113e+04   9.999994e-01   8.443080e-01   1.0113e+04   0.0000e+00   0.0000e+00 
  1.6000e+13   8   7.3857e+08   0.0000e+00   0.0000e+00   2.1581e+04   9.999997e-01   7.869977e-01   2.1581e+04   0.0000e+00   0.0000e+00 
  1.6000e+13   7   1.0719e+09   0.0000e+00   0.0000e+00   1.4883e+04   9.999995e-01   4.202614e-01   1.4883e+04   0.0000e+00   0.0000e+00 
  1.6000e+13   2   2.7983e+09   0.0000e+00   0.0000e+00   6.6755e+03   9.999990e-01   2.679807e-09   6.6755e+03   0.0000e+00   0.0000e+00 
  1.6000e+13   1   2.7984e+09   0.0000e+00   0.0000e+00   6.6759e+03   9.999990e-01   1.766780e-08   6.6759e+03   0.0000e+00   0.0000e+00 
  1.6000e+13   3   2.4079e+09   0.0000e+00   0.0000e+00   4.1042e+03   9.999983e-01   5.978618e-08   4.1042e+03   0.0000e+00   0.0000e+00 
  1.6000e+13   4   2.4078e+09   0.0000e+00   0.0000e+00   4.1041e+03   9.999983e-01   2.044609e-08   4.1041e+03   0.0000e+00   0.0000e+00 
  1.6000e+13   5   1.8705e+09   0.0000e+00   0.0000e+00   9.6004e+03   9.999993e-01   8.389608e-01   9.6004e+03   0.0000e+00   0.0000e+00 
  1.6000e+13   6   1.8705e+09   0.0000e+00   0.0000e+00   9.6002e+03   9.999993e-01   8.389841e-01   9.6002e+03   0.0000e+00   0.0000e+00 
  1.8000e+13   8   8.3132e+08   0.0000e+00   0.0000e+00   2.1547e+04   9.999996e-01   7.641082e-01   2.1547e+04   0.0000e+00   0.0000e+00 
  1.8000e+13   7   1.2064e+09   0.0000e+00   0.0000e+00   1.4865e+04   9.999995e-01   4.258782e-01   1.4865e+04   0.0000e+00   0.0000e+00 
  1.8000e+13   2   3.1006e+09   0.0000e+00   0.0000e+00   6.5470e+03   9.999988e-01   7.180822e-01   6.5470e+03   0.0000e+00   0.0000e+00 
  1.8000e+13   1   3.1007e+09   0.0000e+00   0.0000e+00   6.5474e+03   9.999988e-01   7.181094e-01   6.5474e+03   0.0000e+00   0.0000e+00 
  1.8000e+13   3   2.8549e+09   0.0000e+00   0.0000e+00   4.8133e+03   9.999984e-01   7.953810e-08   4.8133e+03   0.0000e+00   0.0000e+00 
  1.8000e+13   4   2.8548e+09   0.0000e+00   0.0000e+00   4.8132e+03   9.999984e-01   6.522941e-08   4.8132e+03   0.0000e+00   0.0000e+00 
  1.8000e+13   5   2.0859e+09   0.0000e+00   0.0000e+00   8.9585e+03   9.999991e-01   8.293687e-01   8.9585e+03   0.0000e+00   0.0000e+00 
  1.8000e+13   6   2.0858e+09   0.0000e+00   0.0000e+00   8.9585e+03   9.999991e-01   8.293937e-01   8.9585e+03   0.0000e+00   0.0000e+00 
  2.0000e+13   8   9.2423e+08   0.0000e+00   0.0000e+00   2.1500e+04   9.999996e-01   7.392334e-01   2.1500e+04   0.0000e+00   0.0000e+00 
  2.0000e+13   7   1.3410e+09   0.0000e+00   0.0000e+00   1.4845e+04   9.999994e-01   4.323656e-01   1.4845e+04   0.0000e+00   0.0000e+00 
  2.0000e+13   5   2.3189e+09   0.0000e+00   0.0000e+00   8.2046e+03   9.999989e-01   8.134104e-01   8.2046e+03   0.0000e+00   0.0000e+00 
  2.0000e+13   6   2.3188e+09   0.0000e+00   0.0000e+00   8.2046e+03   9.999989e-01   8.134246e-01   8.2046e+03   0.0000e+00   0.0000e+00 
  2.0000e+13   2   3.4098e+09   0.0000e+00   0.0000e+00   6.3874e+03   9.999986e-01   6.100256e-01   6.3874e+03   0.0000e+00   0.0000e+00 
  2.0000e+13   1   3.4099e+09   0.0000e+00   0.0000e+00   6.3877e+03   9.999986e-01   6.099932e-01   6.3877e+03   0.0000e+00   0.0000e+00 
  2.0000e+13   4   3.2499e+09   0.0000e+00   0.0000e+00   5.2903e+03   9.999984e-01   2.146050e-08   5.2903e+03   0.0000e+00   0.0000e+00 
  2.0000e+13   3   3.2499e+09   0.0000e+00   0.0000e+00   5.2904e+03   9.999984e-01   2.663039e-08   5.2904e+03   0.0000e+00   0.0000e+00 
  2.2000e+13   7   1.4759e+09   0.0000e+00   0.0000e+00   1.4822e+04   9.999994e-01   4.397927e-01   1.4822e+04   0.0000e+00   0.0000e+00 
  2.2000e+13   8   1.0174e+09   0.0000e+00   0.0000e+00   2.1431e+04   9.999996e-01   7.124654e-01   2.1431e+04   0.0000e+00   0.0000e+00 
  2.2000e+13  10   4.9769e+08   0.0000e+00   0.0000e+00   4.9602e+02   9.999809e-01   1.230396e-08   4.9601e+02   0.0000e+00   0.0000e+00 
  2.2000e+13   9   4.9792e+08   0.0000e+00   0.0000e+00   4.9625e+02   9.999809e-01   1.596370e-08   4.9624e+02   0.0000e+00   0.0000e+00 
  2.2000e+13   6   2.5758e+09   0.0000e+00   0.0000e+00   7.3633e+03   9.999987e-01   7.858088e-01   7.3633e+03   0.0000e+00   0.0000e+00 
  2.2000e+13   5   2.5758e+09   0.0000e+00   0.0000e+00   7.3632e+03   9.999987e-01   7.858077e-01   7.3632e+03   0.0000e+00   0.0000e+00 
  2.2000e+13   2   3.7269e+09   0.0000e+00   0.0000e+00   6.2289e+03   9.999985e-01   5.408865e-01   6.2289e+03   0.0000e+00   0.0000e+00 
  2.2000e+13   1   3.7270e+09   0.0000e+00   0.0000e+00   6.2292e+03   9.999985e-01   5.408841e-01   6.2292e+03   0.0000e+00   0.0000e+00 
  2.2000e+13   3   3.6158e+09   0.0000e+00   0.0000e+00   5.6267e+03   9.999983e-01   3.610953e-09   5.6267e+03   0.0000e+00   0.0000e+00 
  2.2000e+13   4   3.6158e+09   0.0000e+00   0.0000e+00   5.6266e+03   9.999983e-01   2.746066e-09   5.6266e+03   0.0000e+00   0.0000e+00 
  2.4000e+13  10   1.1109e+09   0.0000e+00   0.0000e+00   2.1325e+04   9.999995e-01   6.838458e-01   2.1325e+04   0.0000e+00   0.0000e+00 
  2.4000e+13   9   1.6109e+09   0.0000e+00   0.0000e+00   1.4798e+04   9.999993e-01   4.482330e-01   1.4798e+04   0.0000e+00   0.0000e+00 
  2.4000e+13   8   1.9859e+09   0.0000e+00   0.0000e+00   2.2830e+03   9.999955e-01   2.414536e-09   2.2830e+03   0.0000e+00   0.0000e+00 
  2.4000e+13   7   1.9860e+09   0.0000e+00   0.0000e+00   2.2831e+03   9.999955e-01   1.346343e-08   2.2831e+03   0.0000e+00   0.0000e+00 
  2.4000e+13  12   2.3679e+08   0.0000e+00   0.0000e+00   4.9478e+03   9.999979e-01   1.182885e-01   4.9478e+03   0.0000e+00   0.0000e+00 
  2.4000e+13  11   2.3679e+08   0.0000e+00   0.0000e+00   4.9478e+03   9.999979e-01   1.182730e-01   4.9478e+03   0.0000e+00   0.0000e+00 
  2.4000e+13   6   2.8652e+09   0.0000e+00   0.0000e+00   6.4773e+03   9.999984e-01   6.338393e-01   6.4772e+03   0.0000e+00   0.0000e+00 
  2.4000e+13   5   2.8652e+09   0.0000e+00   0.0000e+00   6.4771e+03   9.999984e-01   6.338419e-01   6.4771e+03   0.0000e+00   0.0000e+00 
  2.4000e+13   2   4.0516e+09   0.0000e+00   0.0000e+00   6.0962e+03   9.999983e-01   5.030766e-01   6.0962e+03   0.0000e+00   0.0000e+00 
  2.4000e+13   1   4.0517e+09   0.0000e+00   0.0000e+00   6.0964e+03   9.999983e-01   5.030977e-01   6.0964e+03   0.0000e+00   0.0000e+00 
  2.4000e+13   3   3.9633e+09   0.0000e+00   0.0000e+00   5.8758e+03   9.999982e-01   1.008601e-08   5.8758e+03   0.0000e+00   0.0000e+00 
  2.4000e+13   4   3.9633e+09   0.0000e+00   0.0000e+00   5.8757e+03   9.999982e-01   1.010177e-08   5.8757e+03   0.0000e+00   0.0000e+00 
  2.6000e+13  10   1.2051e+09   0.0000e+00   0.0000e+00   2.1142e+04   9.999995e-01   6.533754e-01   2.1142e+04   0.0000e+00   0.0000e+00 
  2.6000e+13   9   1.7462e+09   0.0000e+00   0.0000e+00   1.4771e+04   9.999992e-01   4.577631e-01   1.4771e+04   0.0000e+00   0.0000e+00 
  2.6000e+13  12   5.1295e+08   0.0000e+00   0.0000e+00   9.2064e+03   9.999988e-01   3.698194e-02   9.2064e+03   0.0000e+00   0.0000e+00 
  2.6000e+13  11   5.1295e+08   0.0000e+00   0.0000e+00   9.2064e+03   9.999988e-01   3.698155e-02   9.2064e+03   0.0000e+00   0.0000e+00 
  2.6000e+13   8   2.7048e+09   0.0000e+00   0.0000e+00   3.2828e+03   9.999966e-01   2.951265e-09   3.2828e+03   0.0000e+00   0.0000e+00 
  2.6000e+13   7   2.7049e+09   0.0000e+00   0.0000e+00   3.2828e+03   9.999966e-01   5.403648e-09   3.2828e+03   0.0000e+00   0.0000e+00 
  2.6000e+13   6   3.1968e+09   0.0000e+00   0.0000e+00   5.6159e+03   9.999980e-01   7.099699e-01   5.6159e+03   0.0000e+00   0.0000e+00 
  2.6000e+13   5   3.1969e+09   0.0000e+00   0.0000e+00   5.6157e+03   9.999980e-01   7.099506e-01   5.6157e+03   0.0000e+00   0.0000e+00 
  2.6000e+13   2   4.3824e+09   0.0000e+00   0.0000e+00   6.0060e+03   9.999981e-01   4.804051e-01   6.0060e+03   0.0000e+00   0.0000e+00 
  2.6000e+13   1   4.3825e+09   0.0000e+00   0.0000e+00   6.0061e+03   9.999981e-01   4.804287e-01   6.0061e+03   0.0000e+00   0.0000e+00 
  2.6000e+13   3   4.2979e+09   0.0000e+00   0.0000e+00   6.0717e+03   9.999982e-01   2.221886e-08   6.0717e+03   0.0000e+00   0.0000e+00 
  2.6000e+13   4   4.2979e+09   0.0000e+00   0.0000e+00   6.0717e+03   9.999982e-01   2.050408e-08   6.0717e+03   0.0000e+00   0.0000e+00 
  2.8000e+13  10   1.3004e+09   0.0000e+00   0.0000e+00   2.0777e+04   9.999994e-01   6.211214e-01   2.0777e+04   0.0000e+00   0.0000e+00 
  2.8000e+13   9   1.8817e+09   0.0000e+00   0.0000e+00   1.4742e+04   9.999992e-01   4.684617e-01   1.4742e+04   0.0000e+00   0.0000e+00 
  2.8000e+13  12   7.0874e+08   0.0000e+00   0.0000e+00   1.1080e+04   9.999989e-01   1.936069e-02   1.1080e+04   0.0000e+00   0.0000e+00 
  2.8000e+13   2   4.7167e+09   0.0000e+00   0.0000e+00   5.9669e+03   9.999980e-01   4.645889e-01   5.9669e+03   0.0000e+00   0.0000e+00 
  2.8000e+13   3   4.6228e+09   0.0000e+00   0.0000e+00   6.2365e+03   9.999981e-01   1.582188e-08   6.2364e+03   0.0000e+00   0.0000e+00 
  2.8000e+13   1   4.7168e+09   0.0000e+00   0.0000e+00   5.9670e+03   9.999980e-01   4.646018e-01   5.9670e+03   0.0000e+00   0.0000e+00 
  2.8000e+13   7   3.2521e+09   0.0000e+00   0.0000e+00   4.0179e+03   9.999970e-01   3.860967e-09   4.0179e+03   0.0000e+00   0.0000e+00 
  2.8000e+13   8   3.2521e+09   0.0000e+00   0.0000e+00   4.0178e+03   9.999970e-01   1.705192e-09   4.0178e+03   0.0000e+00   0.0000e+00 
  2.8000e+13   6   3.5797e+09   0.0000e+00   0.0000e+00   4.8774e+03   9.999975e-01   6.804767e-01   4.8774e+03   0.0000e+00   0.0000e+00 
  2.8000e+13   5   3.5798e+09   0.0000e+00   0.0000e+00   4.8773e+03   9.999975e-01   6.804688e-01   4.8773e+03   0.0000e+00   0.0000e+00 
  2.8000e+13  11   7.0874e+08   0.0000e+00   0.0000e+00   1.1080e+04   9.999989e-01   1.936060e-02   1.1080e+04   0.0000e+00   0.0000e+00 
  2.8000e+13   4   4.6228e+09   0.0000e+00   0.0000e+00   6.2364e+03   9.999981e-01   1.141112e-08   6.2364e+03   0.0000e+00   0.0000e+00 
  3.0000e+13  10   1.3985e+09   0.0000e+00   0.0000e+00   1.9857e+04   9.999993e-01   5.878966e-01   1.9857e+04   0.0000e+00   0.0000e+00 
  3.0000e+13   9   2.0175e+09   0.0000e+00   0.0000e+00   1.4711e+04   9.999991e-01   4.804074e-01   1.4711e+04   0.0000e+00   0.0000e+00 
  3.0000e+13  12   8.8067e+08   0.0000e+00   0.0000e+00   1.2099e+04   9.999989e-01   4.166301e-02   1.2099e+04   0.0000e+00   0.0000e+00 
  3.0000e+13   2   5.0518e+09   0.0000e+00   0.0000e+00   5.9799e+03   9.999978e-01   4.516954e-01   5.9799e+03   0.0000e+00   0.0000e+00 
  3.0000e+13   3   4.9397e+09   0.0000e+00   0.0000e+00   6.3841e+03   9.999980e-01   6.843699e-09   6.3841e+03   0.0000e+00   0.0000e+00 
  3.0000e+13   1   5.0518e+09   0.0000e+00   0.0000e+00   5.9801e+03   9.999978e-01   4.516947e-01   5.9801e+03   0.0000e+00   0.0000e+00 
  3.0000e+13   6   4.0150e+09   0.0000e+00   0.0000e+00   4.3661e+03   9.999970e-01   6.033048e-01   4.3661e+03   0.0000e+00   0.0000e+00 
  3.0000e+13   5   4.0151e+09   0.0000e+00   0.0000e+00   4.3660e+03   9.999970e-01   6.033210e-01   4.3660e+03   0.0000e+00   0.0000e+00 
  3.0000e+13   7   3.7163e+09   0.0000e+00   0.0000e+00   4.5893e+03   9.999972e-01   1.852297e-09   4.5893e+03   0.0000e+00   0.0000e+00 
  3.0000e+13   8   3.7163e+09   0.0000e+00   0.0000e+00   4.5892e+03   9.999972e-01   7.409069e-10   4.5892e+03   0.0000e+00   0.0000e+00 
  3.0000e+13  11   8.8068e+08   0.0000e+00   0.0000e+00   1.2099e+04   9.999989e-01   4.165986e-02   1.2099e+04   0.0000e+00   0.0000e+00 
  3.0000e+13   4   4.9397e+09   0.0000e+00   0.0000e+00   6.3841e+03   9.999980e-01   2.665408e-09   6.3841e+03   0.0000e+00   0.0000e+00 
  3.2000e+13  10   1.5066e+09   0.0000e+00   0.0000e+00   1.6383e+04   9.999992e-01   5.611062e-01   1.6383e+04   0.0000e+00   0.0000e+00 
  3.2000e+13   9   2.1536e+09   0.0000e+00   0.0000e+00   1.4677e+04   9.999991e-01   4.936765e-01   1.4677e+04   0.0000e+00   0.0000e+00 
  3.2000e+13  12   1.0420e+09   0.0000e+00   0.0000e+00   1.2639e+04   9.999989e-01   1.010042e-01   1.2639e+04   0.0000e+00   0.0000e+00 
  3.2000e+13   2   5.3847e+09   0.0000e+00   0.0000e+00   6.0404e+03   9.999977e-01   4.405855e-01   6.0404e+03   0.0000e+00   0.0000e+00 
  3.2000e+13   1   5.3848e+09   0.0000e+00   0.0000e+00   6.0405e+03   9.999977e-01   4.405768e-01   6.0405e+03   0.0000e+00   0.0000e+00 
  3.2000e+13   7   4.1310e+09   0.0000e+00   0.0000e+00   5.0488e+03   9.999973e-01   2.975388e-09   5.0488e+03   0.0000e+00   0.0000e+00 
  3.2000e+13   8   4.1310e+09   0.0000e+00   0.0000e+00   5.0488e+03   9.999973e-01   2.244403e-09   5.0488e+03   0.0000e+00   0.0000e+00 
  3.2000e+13   6   4.4881e+09   0.0000e+00   0.0000e+00   4.1399e+03   9.999967e-01   4.943450e-01   4.1399e+03   0.0000e+00   0.0000e+00 
  3.2000e+13   5   4.4881e+09   0.0000e+00   0.0000e+00   4.1399e+03   9.999967e-01   4.943375e-01   4.1399e+03   0.0000e+00   0.0000e+00 
  3.2000e+13   3   5.2496e+09   0.0000e+00   0.0000e+00   6.5236e+03   9.999979e-01   1.452938e-08   6.5236e+03   0.0000e+00   0.0000e+00 
  3.2000e+13   4   5.2496e+09   0.0000e+00   0.0000e+00   6.5235e+03   9.999979e-01   1.267304e-08   6.5235e+03   0.0000e+00   0.0000e+00 
  3.2000e+13  11   1.0420e+09   0.0000e+00   0.0000e+00   1.2639e+04   9.999989e-01   1.010040e-01   1.2639e+04   0.0000e+00   0.0000e+00 
  3.4000e+13  10   1.8456e+09   0.0000e+00   0.0000e+00   1.0994e+03   9.999866e-01   8.263218e-01   1.0993e+03   0.0000e+00   0.0000e+00 
  3.4000e+13   9   2.2901e+09   0.0000e+00   0.0000e+00   1.4641e+04   9.999990e-01   5.083391e-01   1.4641e+04   0.0000e+00   0.0000e+00 
  3.4000e+13   6   4.9715e+09   0.0000e+00   0.0000e+00   4.1711e+03   9.999965e-01   3.755992e-01   4.1711e+03   0.0000e+00   0.0000e+00 
  3.4000e+13   3   5.5530e+09   0.0000e+00   0.0000e+00   6.6599e+03   9.999978e-01   1.597951e-08   6.6599e+03   0.0000e+00   0.0000e+00 
  3.4000e+13   4   5.5530e+09   0.0000e+00   0.0000e+00   6.6599e+03   9.999978e-01   1.207294e-08   6.6599e+03   0.0000e+00   0.0000e+00 
  3.4000e+13   2   5.7133e+09   0.0000e+00   0.0000e+00   6.1400e+03   9.999976e-01   4.323426e-01   6.1400e+03   0.0000e+00   0.0000e+00 
  3.4000e+13  12   1.1986e+09   0.0000e+00   0.0000e+00   1.2852e+04   9.999989e-01   1.957991e-01   1.2852e+04   0.0000e+00   0.0000e+00 
  3.4000e+13  11   1.1986e+09   0.0000e+00   0.0000e+00   1.2852e+04   9.999989e-01   1.958039e-01   1.2852e+04   0.0000e+00   0.0000e+00 
  3.4000e+13   5   4.9716e+09   0.0000e+00   0.0000e+00   4.1711e+03   9.999965e-01   3.755750e-01   4.1711e+03   0.0000e+00   0.0000e+00 
  3.4000e+13   1   5.7134e+09   0.0000e+00   0.0000e+00   6.1402e+03   9.999976e-01   4.323356e-01   6.1402e+03   0.0000e+00   0.0000e+00 
  3.4000e+13   7   4.5125e+09   0.0000e+00   0.0000e+00   5.4287e+03   9.999973e-01   4.954369e-09   5.4287e+03   0.0000e+00   0.0000e+00 
  3.4000e+13   8   4.5125e+09   0.0000e+00   0.0000e+00   5.4287e+03   9.999973e-01   6.062570e-09   5.4286e+03   0.0000e+00   0.0000e+00 
  3.6000e+13   9   4.1324e+09   0.0000e+00   0.0000e+00   1.5895e+03   9.999902e-01   8.094524e-01   1.5895e+03   0.0000e+00   0.0000e+00 
  3.6000e+13  10   2.4268e+09   0.0000e+00   0.0000e+00   1.4603e+04   9.999989e-01   5.244557e-01   1.4603e+04   0.0000e+00   0.0000e+00 
  3.6000e+13  13   1.6197e+09   0.0000e+00   0.0000e+00   1.4612e+04   9.999989e-01   1.323293e-01   1.4612e+04   0.0000e+00   0.0000e+00 
  3.6000e+13   6   5.4407e+09   0.0000e+00   0.0000e+00   4.3763e+03   9.999964e-01   2.799110e-01   4.3763e+03   0.0000e+00   0.0000e+00 
  3.6000e+13   5   5.4408e+09   0.0000e+00   0.0000e+00   4.3764e+03   9.999964e-01   2.799210e-01   4.3764e+03   0.0000e+00   0.0000e+00 
  3.6000e+13  12   1.8661e+09   0.0000e+00   0.0000e+00   1.7909e+03   9.999913e-01   8.218079e-10   1.7909e+03   0.0000e+00   0.0000e+00 
  3.6000e+13   2   6.0358e+09   0.0000e+00   0.0000e+00   6.2694e+03   9.999975e-01   4.301054e-01   6.2694e+03   0.0000e+00   0.0000e+00 
  3.6000e+13  11   1.8663e+09   0.0000e+00   0.0000e+00   1.7911e+03   9.999913e-01   2.937531e-09   1.7911e+03   0.0000e+00   0.0000e+00 
  3.6000e+13  15   1.3542e+09   0.0000e+00   0.0000e+00   1.2813e+04   9.999988e-01   3.113828e-01   1.2813e+04   0.0000e+00   0.0000e+00 
  3.6000e+13   7   4.8702e+09   0.0000e+00   0.0000e+00   5.7506e+03   9.999973e-01   4.583512e-09   5.7506e+03   0.0000e+00   0.0000e+00 
  3.6000e+13   8   4.8702e+09   0.0000e+00   0.0000e+00   5.7505e+03   9.999973e-01   3.308863e-09   5.7505e+03   0.0000e+00   0.0000e+00 
  3.6000e+13   1   6.0358e+09   0.0000e+00   0.0000e+00   6.2695e+03   9.999975e-01   4.301073e-01   6.2695e+03   0.0000e+00   0.0000e+00 
  3.6000e+13   3   5.8503e+09   0.0000e+00   0.0000e+00   6.7957e+03   9.999977e-01   4.416406e-09   6.7957e+03   0.0000e+00   0.0000e+00 
  3.6000e+13   4   5.8503e+09   0.0000e+00   0.0000e+00   6.7957e+03   9.999977e-01   4.189013e-09   6.7957e+03   0.0000e+00   0.0000e+00 
  3.6000e+13  14   1.3542e+09   0.0000e+00   0.0000e+00   1.2813e+04   9.999988e-01   3.113788e-01   1.2813e+04   0.0000e+00   0.0000e+00 
  3.8000e+13  13   1.7335e+09   0.0000e+00   0.0000e+00   1.9441e+04   9.999992e-01   8.538579e-02   1.9441e+04   0.0000e+00   0.0000e+00 
  3.8000e+13  12   2.5640e+09   0.0000e+00   0.0000e+00   1.4563e+04   9.999989e-01   5.420719e-01   1.4563e+04   0.0000e+00   0.0000e+00 
  3.8000e+13   9   5.0962e+09   0.0000e+00   0.0000e+00   2.5977e+03   9.999937e-01   8.502158e-01   2.5977e+03   0.0000e+00   0.0000e+00 
  3.8000e+13  11   2.7520e+09   0.0000e+00   0.0000e+00   2.7318e+03   9.999940e-01   2.060210e-09   2.7318e+03   0.0000e+00   0.0000e+00 
  3.8000e+13   2   6.3511e+09   0.0000e+00   0.0000e+00   6.4194e+03   9.999974e-01   4.391305e-01   6.4194e+03   0.0000e+00   0.0000e+00 
  3.8000e+13  15   1.5116e+09   0.0000e+00   0.0000e+00   1.2573e+04   9.999987e-01   4.250826e-01   1.2573e+04   0.0000e+00   0.0000e+00 
  3.8000e+13   6   5.8834e+09   0.0000e+00   0.0000e+00   4.6735e+03   9.999965e-01   2.298912e-01   4.6735e+03   0.0000e+00   0.0000e+00 
  3.8000e+13  10   2.7521e+09   0.0000e+00   0.0000e+00   2.7320e+03   9.999940e-01   2.773788e-09   2.7319e+03   0.0000e+00   0.0000e+00 
  3.8000e+13   8   5.2096e+09   0.0000e+00   0.0000e+00   6.0295e+03   9.999973e-01   1.023089e-07   6.0295e+03   0.0000e+00   0.0000e+00 
  3.8000e+13   7   5.2096e+09   0.0000e+00   0.0000e+00   6.0295e+03   9.999973e-01   2.353443e-08   6.0295e+03   0.0000e+00   0.0000e+00 
  3.8000e+13  14   1.5116e+09   0.0000e+00   0.0000e+00   1.2573e+04   9.999987e-01   4.250823e-01   1.2573e+04   0.0000e+00   0.0000e+00 
  3.8000e+13   1   6.3511e+09   0.0000e+00   0.0000e+00   6.4195e+03   9.999974e-01   4.391419e-01   6.4195e+03   0.0000e+00   0.0000e+00 
  3.8000e+13   5   5.8834e+09   0.0000e+00   0.0000e+00   4.6736e+03   9.999965e-01   2.299065e-01   4.6736e+03   0.0000e+00   0.0000e+00 
  3.8000e+13   3   6.1417e+09   0.0000e+00   0.0000e+00   6.9319e+03   9.999976e-01   5.398636e-09   6.9319e+03   0.0000e+00   0.0000e+00 
  3.8000e+13   4   6.1417e+09   0.0000e+00   0.0000e+00   6.9318e+03   9.999976e-01   4.825358e-09   6.9318e+03   0.0000e+00   0.0000e+00 
  4.0000e+13  12   2.7015e+09   0.0000e+00   0.0000e+00   1.4520e+04   9.999988e-01   5.612133e-01   1.4520e+04   0.0000e+00   0.0000e+00 
  4.0000e+13  13   1.8330e+09   0.0000e+00   0.0000e+00   2.0555e+04   9.999992e-01   1.640744e-02   2.0555e+04   0.0000e+00   0.0000e+00 
  4.0000e+13   7   5.7645e+09   0.0000e+00   0.0000e+00   3.3964e+03   9.999949e-01   9.195059e-01   3.3964e+03   0.0000e+00   0.0000e+00 
  4.0000e+13  11   3.4007e+09   0.0000e+00   0.0000e+00   3.4341e+03   9.999950e-01   1.126173e-09   3.4341e+03   0.0000e+00   0.0000e+00 
  4.0000e+13   9   5.5346e+09   0.0000e+00   0.0000e+00   6.2763e+03   9.999972e-01   1.913297e-08   6.2763e+03   0.0000e+00   0.0000e+00 
  4.0000e+13  10   3.4007e+09   0.0000e+00   0.0000e+00   3.4342e+03   9.999950e-01   1.217717e-09   3.4342e+03   0.0000e+00   0.0000e+00 
  4.0000e+13  15   1.6731e+09   0.0000e+00   0.0000e+00   1.2181e+04   9.999986e-01   5.200173e-01   1.2181e+04   0.0000e+00   0.0000e+00 
  4.0000e+13   2   6.6588e+09   0.0000e+00   0.0000e+00   6.5818e+03   9.999974e-01   4.662541e-01   6.5818e+03   0.0000e+00   0.0000e+00 
  4.0000e+13   8   5.5346e+09   0.0000e+00   0.0000e+00   6.2763e+03   9.999972e-01   9.154066e-09   6.2763e+03   0.0000e+00   0.0000e+00 
  4.0000e+13  14   1.6731e+09   0.0000e+00   0.0000e+00   1.2181e+04   9.999986e-01   5.200270e-01   1.2181e+04   0.0000e+00   0.0000e+00 
  4.0000e+13   1   6.6588e+09   0.0000e+00   0.0000e+00   6.5819e+03   9.999974e-01   4.662692e-01   6.5819e+03   0.0000e+00   0.0000e+00 
  4.0000e+13   6   6.2969e+09   0.0000e+00   0.0000e+00   5.0071e+03   9.999966e-01   2.297497e-01   5.0071e+03   0.0000e+00   0.0000e+00 
  4.0000e+13   5   6.2969e+09   0.0000e+00   0.0000e+00   5.0072e+03   9.999966e-01   2.297462e-01   5.0072e+03   0.0000e+00   0.0000e+00 
  4.0000e+13   3   6.4274e+09   0.0000e+00   0.0000e+00   7.0683e+03   9.999976e-01   2.070664e-08   7.0683e+03   0.0000e+00   0.0000e+00 
  4.0000e+13   4   6.4274e+09   0.0000e+00   0.0000e+00   7.0683e+03   9.999976e-01   1.863878e-08   7.0683e+03   0.0000e+00   0.0000e+00 
